100
20086
13840
13220
7021
2419
14957
13513
25227
29882
22014
27693
14174
14719
8496
5204
7916
27397
15179
1083
13780
3777
16898
6294
1153
28604
26441
16988
25507
16697
6502
24197
1248
21656
29003
15123
29638
26234
23331
27983
8965
18214
11563
23893
23003
25131
8387
10962
5583
26951
25029
20237
13474
9864
10261
8228
31363
14769
3961
6552
18562
17631
8619
3596
5959
19564
18093
9802
2564
19988
3933
20871
11688
21334
3657
2792
14422
797
12996
6213
23829
30368
23098
9772
1993
21895
3008
25897
5474
32079
4591
3140
23635
14319
26355
25804
6469
17852
9951
17235
5133
